[0.3, 3, 0.736, 0.737, 0.744, 0.74, 0.738, 0.723, 0.718, 0.738, 0.73425, 0.008924284685220283]
[0.3, 1, 0.746, 0.744, 0.709, 0.748, 0.745, 0.727, 0.733, 0.714, 0.73325, 0.01526667706383511]
[0.3, 0.3, 0.764, 0.764, 0.758, 0.767, 0.768, 0.762, 0.766, 0.765, 0.76425, 0.003150963571444685]
[0.3, 0.1, 0.783, 0.779, 0.77, 0.775, 0.774, 0.779, 0.774, 0.78, 0.77675, 0.00420034012228262]
[0.3, 0.03, 0.772, 0.777, 0.777, 0.771, 0.771, 0.778, 0.762, 0.775, 0.772875, 0.005221863378417439]
[0.3, 0.01, 0.774, 0.779, 0.79, 0.774, 0.785, 0.782, 0.774, 0.78, 0.77975, 0.005824823725107181]
[0.3, 0.003, 0.775, 0.782, 0.793, 0.78, 0.788, 0.785, 0.774, 0.784, 0.782625, 0.0063681686086795395]
[0.3, 0.001, 0.776, 0.781, 0.793, 0.781, 0.79, 0.786, 0.774, 0.784, 0.7831250000000001, 0.006512350903146601]
[0.4, 3, 0.717, 0.739, 0.748, 0.75, 0.728, 0.726, 0.737, 0.744, 0.7361249999999999, 0.01158123482190048]
[0.4, 1, 0.715, 0.737, 0.714, 0.746, 0.739, 0.735, 0.742, 0.739, 0.733375, 0.012105931249952302]
[0.4, 0.3, 0.761, 0.759, 0.748, 0.759, 0.754, 0.762, 0.757, 0.759, 0.757375, 0.004501983689759124]
[0.4, 0.1, 0.783, 0.776, 0.776, 0.769, 0.781, 0.778, 0.771, 0.787, 0.777625, 0.005998511720180509]
[0.4, 0.03, 0.772, 0.773, 0.771, 0.771, 0.775, 0.779, 0.759, 0.77, 0.77125, 0.005725881092523172]
[0.4, 0.01, 0.775, 0.778, 0.789, 0.775, 0.786, 0.781, 0.776, 0.782, 0.78025, 0.005230405611149378]
[0.4, 0.003, 0.775, 0.78, 0.793, 0.78, 0.79, 0.785, 0.775, 0.784, 0.7827500000000001, 0.006541078984824627]
[0.4, 0.001, 0.776, 0.78, 0.792, 0.78, 0.79, 0.785, 0.775, 0.785, 0.782875, 0.006197637798848393]
[0.5, 3, 0.731, 0.723, 0.732, 0.731, 0.748, 0.755, 0.745, 0.73, 0.736875, 0.011025133624068765]
[0.5, 1, 0.713, 0.754, 0.727, 0.721, 0.743, 0.731, 0.724, 0.741, 0.73175, 0.013403091327856326]
[0.5, 0.3, 0.754, 0.752, 0.744, 0.753, 0.754, 0.76, 0.753, 0.757, 0.753375, 0.004596194077712563]
[0.5, 0.1, 0.781, 0.779, 0.771, 0.769, 0.777, 0.779, 0.775, 0.784, 0.776875, 0.005026714348643374]
[0.5, 0.03, 0.769, 0.772, 0.767, 0.767, 0.773, 0.776, 0.759, 0.768, 0.768875, 0.005111262075065222]
[0.5, 0.01, 0.776, 0.776, 0.789, 0.776, 0.785, 0.783, 0.778, 0.781, 0.7805, 0.004869731585445522]
[0.5, 0.003, 0.776, 0.781, 0.793, 0.783, 0.791, 0.785, 0.777, 0.784, 0.78375, 0.006017830648521591]
[0.5, 0.001, 0.776, 0.781, 0.793, 0.783, 0.79, 0.788, 0.778, 0.785, 0.78425, 0.005897941529526582]
[0.6, 3, 0.73, 0.726, 0.733, 0.742, 0.743, 0.763, 0.735, 0.725, 0.737125, 0.012368595023572529]
