[0.1, 0.1, 0.799, 0.794, 0.8, 0.793, 0.79, 0.795, 0.791, 0.793, 0.794375, 0.0035431019500674057]
[0.1, 0.2, 0.8, 0.793, 0.793, 0.791, 0.792, 0.794, 0.792, 0.79, 0.7931250000000001, 0.0030443155458751577]
[0.1, 0.3, 0.795, 0.791, 0.791, 0.787, 0.792, 0.788, 0.793, 0.792, 0.7911250000000001, 0.0025877458475338307]
[0.1, 0.4, 0.798, 0.79, 0.784, 0.786, 0.788, 0.784, 0.792, 0.793, 0.789375, 0.004867897756879104]
[0.1, 0.5, 0.787, 0.786, 0.778, 0.779, 0.784, 0.773, 0.79, 0.795, 0.784, 0.007091242083423353]
[0.1, 0.6, 0.786, 0.783, 0.775, 0.776, 0.784, 0.766, 0.786, 0.8, 0.782, 0.01001427552475537]
[0.2, 0.1, 0.801, 0.793, 0.8, 0.793, 0.793, 0.798, 0.79, 0.786, 0.7942500000000001, 0.005119988839273555]
[0.2, 0.2, 0.798, 0.796, 0.795, 0.794, 0.791, 0.797, 0.791, 0.791, 0.794125, 0.0028504385627478473]
[0.2, 0.3, 0.799, 0.789, 0.791, 0.789, 0.787, 0.792, 0.789, 0.786, 0.7902500000000001, 0.0040266966255586905]
[0.2, 0.4, 0.795, 0.791, 0.79, 0.783, 0.788, 0.786, 0.789, 0.791, 0.789125, 0.003603074084326172]
[0.2, 0.5, 0.788, 0.786, 0.782, 0.776, 0.787, 0.777, 0.785, 0.786, 0.783375, 0.0045961940777125634]
[0.2, 0.6, 0.786, 0.778, 0.772, 0.774, 0.784, 0.774, 0.781, 0.786, 0.779375, 0.005680480361981475]
[0.3, 0.1, 0.8, 0.798, 0.796, 0.795, 0.792, 0.798, 0.788, 0.786, 0.794125, 0.005026714348643375]
[0.3, 0.2, 0.799, 0.794, 0.795, 0.794, 0.788, 0.797, 0.789, 0.787, 0.792875, 0.004389516732267594]
[0.3, 0.3, 0.796, 0.788, 0.788, 0.789, 0.789, 0.795, 0.789, 0.787, 0.790125, 0.003399054490379854]
[0.3, 0.4, 0.794, 0.788, 0.788, 0.785, 0.788, 0.789, 0.787, 0.789, 0.7885, 0.0025634797778466252]
[0.3, 0.5, 0.789, 0.79, 0.786, 0.779, 0.788, 0.78, 0.783, 0.786, 0.7851250000000001, 0.00408612635284674]
[0.3, 0.6, 0.787, 0.778, 0.777, 0.772, 0.777, 0.772, 0.779, 0.788, 0.77875, 0.005994044663544933]
[0.4, 0.1, 0.799, 0.794, 0.797, 0.796, 0.789, 0.796, 0.784, 0.786, 0.792625, 0.005553313039464439]
[0.4, 0.2, 0.796, 0.792, 0.796, 0.794, 0.787, 0.797, 0.788, 0.791, 0.792625, 0.0037772817134623634]
[0.4, 0.3, 0.795, 0.79, 0.79, 0.788, 0.783, 0.793, 0.786, 0.79, 0.789375, 0.003777281713462364]
[0.4, 0.4, 0.793, 0.79, 0.788, 0.785, 0.785, 0.786, 0.785, 0.79, 0.7877500000000001, 0.003011881234615433]
[0.4, 0.5, 0.788, 0.788, 0.786, 0.782, 0.786, 0.78, 0.783, 0.792, 0.785625, 0.003852179346069669]
[0.4, 0.6, 0.787, 0.778, 0.781, 0.77, 0.781, 0.768, 0.776, 0.791, 0.779, 0.007819389819088012]
[0.5, 0.1, 0.794, 0.791, 0.796, 0.793, 0.785, 0.793, 0.786, 0.791, 0.7911250000000001, 0.003833592123769637]
[0.5, 0.2, 0.792, 0.793, 0.792, 0.791, 0.784, 0.795, 0.788, 0.789, 0.7905, 0.0034226138716317]
[0.5, 0.3, 0.791, 0.79, 0.792, 0.79, 0.781, 0.795, 0.783, 0.791, 0.7891250000000001, 0.004703721930556699]
[0.5, 0.4, 0.79, 0.787, 0.786, 0.788, 0.781, 0.786, 0.781, 0.79, 0.786125, 0.003522884370187916]
[0.5, 0.5, 0.785, 0.784, 0.782, 0.783, 0.785, 0.784, 0.782, 0.788, 0.784125, 0.0019594095320493166]
[0.5, 0.6, 0.787, 0.782, 0.781, 0.773, 0.777, 0.764, 0.776, 0.785, 0.778125, 0.007376361859732369]
[0.6, 0.1, 0.792, 0.789, 0.792, 0.789, 0.78, 0.793, 0.786, 0.788, 0.788625, 0.004206712323350458]
[0.6, 0.2, 0.793, 0.792, 0.79, 0.788, 0.777, 0.793, 0.786, 0.79, 0.788625, 0.005289815011618355]
[0.6, 0.3, 0.788, 0.79, 0.789, 0.785, 0.78, 0.793, 0.782, 0.791, 0.78725, 0.004527692569068712]
[0.6, 0.4, 0.79, 0.79, 0.785, 0.787, 0.782, 0.787, 0.782, 0.788, 0.786375, 0.0031594529363709275]
[0.6, 0.5, 0.784, 0.786, 0.78, 0.781, 0.785, 0.782, 0.782, 0.786, 0.78325, 0.002314550249431381]
[0.6, 0.6, 0.792, 0.783, 0.78, 0.774, 0.78, 0.768, 0.774, 0.791, 0.7802500000000001, 0.00836233050223271]
[0.7, 0.1, 0.789, 0.79, 0.791, 0.788, 0.778, 0.793, 0.783, 0.785, 0.7871250000000001, 0.004882549100038397]
[0.7, 0.2, 0.79, 0.79, 0.789, 0.786, 0.777, 0.796, 0.782, 0.788, 0.78725, 0.005725881092523172]
[0.7, 0.3, 0.787, 0.789, 0.786, 0.783, 0.778, 0.791, 0.782, 0.791, 0.785875, 0.004611708700997623]
[0.7, 0.4, 0.788, 0.787, 0.785, 0.785, 0.783, 0.787, 0.781, 0.79, 0.7857500000000001, 0.0028660575211055567]
[0.7, 0.5, 0.789, 0.784, 0.783, 0.78, 0.786, 0.777, 0.778, 0.788, 0.7831250000000001, 0.004486089611231594]
[0.7, 0.6, 0.789, 0.783, 0.778, 0.77, 0.78, 0.77, 0.769, 0.79, 0.778625, 0.008450486038430832]
[0.8, 0.1, 0.79, 0.79, 0.79, 0.788, 0.775, 0.789, 0.781, 0.784, 0.7858750000000001, 0.005488624600025042]
[0.8, 0.2, 0.789, 0.787, 0.789, 0.784, 0.775, 0.794, 0.781, 0.785, 0.7855, 0.0057569833370314]
[0.8, 0.3, 0.784, 0.783, 0.786, 0.784, 0.779, 0.79, 0.781, 0.787, 0.7842500000000001, 0.003453776401067598]
[0.8, 0.4, 0.787, 0.783, 0.787, 0.786, 0.784, 0.785, 0.78, 0.788, 0.7849999999999999, 0.002618614682831911]
[0.8, 0.5, 0.789, 0.782, 0.784, 0.78, 0.787, 0.783, 0.771, 0.788, 0.7830000000000001, 0.0057569833370314]
[0.8, 0.6, 0.79, 0.78, 0.778, 0.772, 0.781, 0.767, 0.764, 0.785, 0.7771250000000001, 0.00888718981777384]
[0.9, 0.1, 0.787, 0.786, 0.788, 0.784, 0.776, 0.789, 0.779, 0.782, 0.783875, 0.004580626906564526]
[0.9, 0.2, 0.786, 0.783, 0.787, 0.781, 0.775, 0.788, 0.775, 0.784, 0.782375, 0.005069164484550547]
[0.9, 0.3, 0.788, 0.782, 0.785, 0.782, 0.78, 0.79, 0.775, 0.787, 0.783625, 0.004867897756879105]
[0.9, 0.4, 0.786, 0.782, 0.784, 0.783, 0.782, 0.785, 0.778, 0.788, 0.7835000000000001, 0.0030237157840738204]
[0.9, 0.5, 0.787, 0.784, 0.785, 0.78, 0.785, 0.781, 0.775, 0.786, 0.782875, 0.003979860011895612]
[0.9, 0.6, 0.788, 0.782, 0.778, 0.773, 0.779, 0.764, 0.764, 0.787, 0.7768750000000001, 0.009295736349838804]
