[0.03, 0.829, 0.832, 0.839, 0.819, 0.832, 0.83, 0.826, 0.829, 0.8294999999999999, 0.005682051943243245]
[0.031, 0.83, 0.832, 0.839, 0.82, 0.83, 0.831, 0.825, 0.832, 0.8298749999999999, 0.005540435774506246]
[0.032, 0.829, 0.832, 0.838, 0.82, 0.83, 0.83, 0.823, 0.831, 0.829125, 0.00551459103521869]
[0.033, 0.832, 0.828, 0.839, 0.819, 0.828, 0.831, 0.824, 0.829, 0.8287499999999999, 0.005849297882163788]
[0.034, 0.832, 0.828, 0.838, 0.82, 0.829, 0.831, 0.825, 0.834, 0.829625, 0.005527528509973647]
[0.035, 0.833, 0.829, 0.839, 0.818, 0.829, 0.831, 0.824, 0.832, 0.829375, 0.006254998001598408]
[0.036, 0.834, 0.831, 0.837, 0.819, 0.828, 0.83, 0.826, 0.834, 0.8298749999999999, 0.0056426310985466495]
[0.037, 0.833, 0.833, 0.837, 0.819, 0.829, 0.832, 0.826, 0.832, 0.830125, 0.00551459103521869]
[0.038, 0.835, 0.831, 0.836, 0.819, 0.827, 0.831, 0.827, 0.832, 0.82975, 0.005418223219575113]
[0.039, 0.836, 0.833, 0.836, 0.821, 0.826, 0.83, 0.827, 0.833, 0.8302499999999999, 0.005284748946598265]
[0.04, 0.837, 0.832, 0.836, 0.821, 0.827, 0.829, 0.827, 0.833, 0.8302499999999999, 0.005311712126450921]
[0.041, 0.836, 0.829, 0.836, 0.822, 0.828, 0.827, 0.827, 0.836, 0.830125, 0.005276294695549687]
[0.042, 0.837, 0.832, 0.836, 0.821, 0.827, 0.828, 0.828, 0.835, 0.8305, 0.0054772255750516665]
[0.043, 0.838, 0.832, 0.836, 0.822, 0.827, 0.83, 0.83, 0.835, 0.83125, 0.005203021100421237]
[0.044, 0.84, 0.832, 0.838, 0.823, 0.826, 0.829, 0.83, 0.835, 0.8316250000000001, 0.00582942045636982]
[0.045, 0.839, 0.831, 0.834, 0.822, 0.824, 0.828, 0.832, 0.836, 0.8307499999999999, 0.00582482372510718]
[0.046, 0.84, 0.833, 0.834, 0.824, 0.824, 0.828, 0.831, 0.836, 0.83125, 0.005675763007233985]
[0.047, 0.84, 0.831, 0.836, 0.823, 0.825, 0.826, 0.831, 0.833, 0.830625, 0.005780200194259222]
[0.048, 0.839, 0.831, 0.837, 0.827, 0.824, 0.828, 0.83, 0.834, 0.8312499999999999, 0.005119988839273555]
[0.049, 0.841, 0.831, 0.836, 0.826, 0.824, 0.829, 0.829, 0.832, 0.831, 0.00545108115095398]
[0.05, 0.842, 0.832, 0.836, 0.826, 0.823, 0.829, 0.831, 0.831, 0.83125, 0.005849297882163788]
[0.051, 0.841, 0.832, 0.835, 0.825, 0.821, 0.83, 0.83, 0.83, 0.8305, 0.006023762469230867]
[0.052, 0.84, 0.831, 0.834, 0.825, 0.821, 0.829, 0.829, 0.831, 0.8299999999999998, 0.005682051943243245]
[0.053, 0.84, 0.829, 0.832, 0.824, 0.82, 0.829, 0.829, 0.831, 0.82925, 0.005849297882163787]
[0.054, 0.844, 0.83, 0.832, 0.824, 0.82, 0.83, 0.83, 0.829, 0.8298749999999999, 0.0069372184627558104]
[0.055, 0.843, 0.83, 0.831, 0.82, 0.819, 0.83, 0.828, 0.829, 0.82875, 0.007401737247816514]
[0.056, 0.841, 0.829, 0.829, 0.824, 0.82, 0.828, 0.828, 0.829, 0.8285, 0.005976143046671973]
[0.057, 0.84, 0.829, 0.828, 0.825, 0.817, 0.828, 0.828, 0.827, 0.82775, 0.006273527146441858]
[0.058, 0.84, 0.83, 0.829, 0.824, 0.816, 0.827, 0.828, 0.826, 0.8274999999999999, 0.006676183683170247]
[0.059, 0.841, 0.829, 0.827, 0.824, 0.814, 0.825, 0.828, 0.825, 0.8266249999999999, 0.007424621202458756]
