[0.1, 0.1, 0.827, 0.829, 0.825, 0.814, 0.82, 0.823, 0.831, 0.825, 0.8242499999999999, 0.005365231988061126]
[0.1, 0.2, 0.828, 0.833, 0.83, 0.824, 0.821, 0.826, 0.833, 0.822, 0.8271249999999999, 0.004673252156077794]
[0.1, 0.3, 0.83, 0.829, 0.83, 0.82, 0.827, 0.822, 0.833, 0.821, 0.8265, 0.004869731585445522]
[0.1, 0.4, 0.827, 0.829, 0.832, 0.82, 0.827, 0.821, 0.832, 0.822, 0.8262499999999999, 0.004773438413315325]
[0.1, 0.5, 0.828, 0.828, 0.835, 0.82, 0.828, 0.826, 0.832, 0.823, 0.8274999999999999, 0.004720774754816663]
[0.1, 0.6, 0.825, 0.831, 0.834, 0.819, 0.835, 0.823, 0.834, 0.822, 0.827875, 0.0063344297296599695]
[0.1, 0.7, 0.828, 0.833, 0.827, 0.817, 0.822, 0.822, 0.834, 0.822, 0.8256249999999999, 0.0059266347955648545]
[0.1, 0.8, 0.826, 0.832, 0.829, 0.817, 0.825, 0.821, 0.834, 0.823, 0.8258749999999999, 0.005667892024377322]
[0.1, 0.9, 0.825, 0.835, 0.83, 0.816, 0.823, 0.82, 0.829, 0.826, 0.8254999999999999, 0.005976143046671973]
[0.1, 1.0, 0.827, 0.835, 0.83, 0.809, 0.823, 0.819, 0.823, 0.824, 0.82375, 0.0077228788118716965]
[0.1, 1.1, 0.827, 0.835, 0.831, 0.792, 0.825, 0.816, 0.789, 0.823, 0.81725, 0.017441739755949936]
[0.1, 1.2, 0.826, 0.837, 0.832, 0.628, 0.825, 0.812, 0.751, 0.82, 0.7913749999999999, 0.0713421083832783]
[0.1, 1.3, 0.825, 0.837, 0.829, 0.614, 0.824, 0.811, 0.731, 0.817, 0.786, 0.07709919399245178]
[0.1, 1.4, 0.827, 0.83, 0.822, 0.602, 0.827, 0.805, 0.693, 0.817, 0.777875, 0.08442483977733431]
[0.1, 1.5, 0.79, 0.825, 0.813, 0.597, 0.827, 0.797, 0.613, 0.624, 0.73575, 0.1040339916977688]
[0.1, 1.6, 0.58, 0.822, 0.58, 0.595, 0.826, 0.8, 0.53, 0.597, 0.66625, 0.12591465363491255]
[0.1, 1.7, 0.565, 0.817, 0.561, 0.587, 0.824, 0.786, 0.479, 0.482, 0.637625, 0.14736537439788416]
[0.1, 1.8, 0.548, 0.467, 0.549, 0.575, 0.819, 0.733, 0.46, 0.414, 0.570625, 0.1396740465717031]
[0.1, 1.9, 0.535, 0.402, 0.518, 0.559, 0.817, 0.582, 0.451, 0.37, 0.52925, 0.138514310761431]
[0.1, 2.0, 0.521, 0.361, 0.457, 0.533, 0.815, 0.716, 0.444, 0.341, 0.5235, 0.16586569437779639]
[0.2, 0.1, 0.825, 0.827, 0.823, 0.816, 0.818, 0.821, 0.828, 0.827, 0.8231249999999999, 0.00445413130860393]
[0.2, 0.2, 0.829, 0.835, 0.83, 0.821, 0.824, 0.824, 0.834, 0.825, 0.8277499999999999, 0.005063877678504605]
[0.2, 0.3, 0.831, 0.83, 0.833, 0.823, 0.828, 0.821, 0.833, 0.826, 0.828125, 0.004486089611231594]
[0.2, 0.4, 0.828, 0.829, 0.833, 0.816, 0.829, 0.82, 0.833, 0.821, 0.826125, 0.0063344297296599695]
[0.2, 0.5, 0.828, 0.826, 0.836, 0.819, 0.832, 0.823, 0.834, 0.824, 0.82775, 0.005873670062235371]
[0.2, 0.6, 0.827, 0.831, 0.837, 0.819, 0.832, 0.823, 0.833, 0.825, 0.828375, 0.0059266347955648545]
[0.2, 0.7, 0.825, 0.831, 0.833, 0.819, 0.822, 0.824, 0.833, 0.823, 0.8262499999999999, 0.005365231988061126]
[0.2, 0.8, 0.824, 0.834, 0.833, 0.819, 0.825, 0.821, 0.835, 0.821, 0.8264999999999999, 0.006502746672423458]
[0.2, 0.9, 0.825, 0.834, 0.834, 0.818, 0.826, 0.821, 0.832, 0.823, 0.8266249999999999, 0.006093028803476975]
[0.2, 1.0, 0.822, 0.832, 0.833, 0.815, 0.826, 0.819, 0.826, 0.824, 0.8246249999999999, 0.006093028803476975]
[0.2, 1.1, 0.825, 0.83, 0.832, 0.804, 0.825, 0.818, 0.8, 0.823, 0.819625, 0.011722231625663835]
[0.2, 1.2, 0.824, 0.831, 0.832, 0.704, 0.824, 0.814, 0.768, 0.82, 0.802125, 0.04462042293453909]
[0.2, 1.3, 0.822, 0.831, 0.826, 0.611, 0.823, 0.813, 0.74, 0.817, 0.7853749999999999, 0.07626820625735395]
[0.2, 1.4, 0.823, 0.832, 0.824, 0.601, 0.822, 0.806, 0.716, 0.82, 0.7805, 0.08164732521207117]
[0.2, 1.5, 0.812, 0.83, 0.817, 0.593, 0.82, 0.8, 0.623, 0.657, 0.744, 0.10090448099918202]
[0.2, 1.6, 0.58, 0.824, 0.803, 0.591, 0.818, 0.798, 0.528, 0.596, 0.69225, 0.12857099206275108]
[0.2, 1.7, 0.563, 0.821, 0.567, 0.586, 0.812, 0.798, 0.472, 0.564, 0.647875, 0.13886626403023267]
[0.2, 1.8, 0.549, 0.482, 0.552, 0.578, 0.812, 0.778, 0.458, 0.428, 0.5796250000000001, 0.14261229910895784]
[0.2, 1.9, 0.532, 0.405, 0.527, 0.562, 0.81, 0.583, 0.452, 0.378, 0.531125, 0.13472133938509626]
[0.2, 2.0, 0.519, 0.36, 0.472, 0.539, 0.811, 0.753, 0.443, 0.338, 0.529375, 0.17137505861205626]
[0.3, 0.1, 0.826, 0.83, 0.822, 0.815, 0.817, 0.823, 0.831, 0.824, 0.8235, 0.0056315438126934405]
[0.3, 0.2, 0.828, 0.83, 0.832, 0.823, 0.819, 0.826, 0.832, 0.826, 0.827, 0.004503966505838417]
[0.3, 0.3, 0.831, 0.829, 0.834, 0.826, 0.828, 0.823, 0.834, 0.825, 0.8287499999999999, 0.004062019202317984]
[0.3, 0.4, 0.826, 0.827, 0.834, 0.818, 0.828, 0.82, 0.833, 0.826, 0.8264999999999999, 0.005554920598635315]
[0.3, 0.5, 0.828, 0.827, 0.835, 0.819, 0.83, 0.822, 0.832, 0.827, 0.8274999999999999, 0.005154748157905352]
[0.3, 0.6, 0.825, 0.828, 0.836, 0.817, 0.83, 0.823, 0.833, 0.827, 0.827375, 0.0059266347955648545]
[0.3, 0.7, 0.824, 0.835, 0.837, 0.818, 0.822, 0.822, 0.833, 0.827, 0.8272499999999999, 0.006964194138592066]
[0.3, 0.8, 0.825, 0.835, 0.831, 0.819, 0.823, 0.821, 0.835, 0.824, 0.8266249999999999, 0.006232117273791129]
[0.3, 0.9, 0.823, 0.834, 0.832, 0.818, 0.824, 0.821, 0.832, 0.825, 0.826125, 0.005841660722773967]
[0.3, 1.0, 0.825, 0.832, 0.832, 0.819, 0.824, 0.819, 0.829, 0.825, 0.8256249999999999, 0.0051252177654083336]
[0.3, 1.1, 0.828, 0.83, 0.83, 0.81, 0.823, 0.817, 0.82, 0.823, 0.8226249999999999, 0.006926914382114343]
[0.3, 1.2, 0.828, 0.832, 0.828, 0.788, 0.821, 0.811, 0.789, 0.821, 0.81475, 0.01740073890056721]
[0.3, 1.3, 0.823, 0.833, 0.826, 0.616, 0.818, 0.812, 0.751, 0.819, 0.78725, 0.07375587143698167]
[0.3, 1.4, 0.823, 0.832, 0.825, 0.599, 0.816, 0.805, 0.728, 0.817, 0.7806249999999999, 0.08047171197738637]
[0.3, 1.5, 0.824, 0.829, 0.82, 0.59, 0.816, 0.801, 0.641, 0.816, 0.767125, 0.09491716313261188]
[0.3, 1.6, 0.751, 0.823, 0.812, 0.588, 0.814, 0.8, 0.526, 0.597, 0.713875, 0.12256710989727802]
[0.3, 1.7, 0.559, 0.825, 0.57, 0.585, 0.812, 0.797, 0.471, 0.579, 0.6497499999999999, 0.13859782517361935]
[0.3, 1.8, 0.544, 0.479, 0.555, 0.58, 0.808, 0.789, 0.455, 0.432, 0.58025, 0.14408107836512452]
[0.3, 1.9, 0.531, 0.406, 0.533, 0.565, 0.809, 0.731, 0.449, 0.38, 0.5505, 0.1514463601411404]
[0.3, 2.0, 0.514, 0.368, 0.48, 0.543, 0.809, 0.669, 0.441, 0.333, 0.519625, 0.15684381448707868]
[0.4, 0.1, 0.823, 0.831, 0.824, 0.818, 0.814, 0.823, 0.829, 0.824, 0.82325, 0.005444525428617006]
[0.4, 0.2, 0.827, 0.826, 0.832, 0.823, 0.817, 0.826, 0.832, 0.826, 0.826125, 0.004823676724538781]
[0.4, 0.3, 0.83, 0.829, 0.833, 0.825, 0.823, 0.823, 0.837, 0.827, 0.8283749999999999, 0.004926241685388282]
[0.4, 0.4, 0.829, 0.83, 0.835, 0.82, 0.825, 0.82, 0.832, 0.823, 0.8267499999999999, 0.005599744892148473]
[0.4, 0.5, 0.827, 0.831, 0.83, 0.822, 0.828, 0.821, 0.832, 0.827, 0.8272499999999999, 0.003991061441342573]
[0.4, 0.6, 0.825, 0.829, 0.834, 0.82, 0.824, 0.823, 0.832, 0.825, 0.8265, 0.004750939756661687]
[0.4, 0.7, 0.824, 0.832, 0.837, 0.817, 0.821, 0.824, 0.832, 0.825, 0.8265, 0.006611677980232084]
[0.4, 0.8, 0.824, 0.836, 0.835, 0.818, 0.823, 0.82, 0.834, 0.826, 0.827, 0.007071067811865481]
[0.4, 0.9, 0.824, 0.833, 0.829, 0.819, 0.825, 0.822, 0.831, 0.827, 0.8262499999999999, 0.004682795258023936]
[0.4, 1.0, 0.824, 0.835, 0.831, 0.818, 0.824, 0.822, 0.828, 0.826, 0.826, 0.0053184315625675145]
[0.4, 1.1, 0.825, 0.83, 0.828, 0.816, 0.824, 0.82, 0.821, 0.824, 0.8234999999999999, 0.004472135954999583]
[0.4, 1.2, 0.826, 0.831, 0.827, 0.805, 0.823, 0.815, 0.797, 0.822, 0.8182499999999999, 0.011792854979665769]
[0.4, 1.3, 0.826, 0.832, 0.827, 0.641, 0.819, 0.811, 0.769, 0.819, 0.7929999999999999, 0.06450027685433382]
[0.4, 1.4, 0.826, 0.83, 0.826, 0.596, 0.817, 0.808, 0.731, 0.817, 0.7813749999999999, 0.08150010955295002]
[0.4, 1.5, 0.825, 0.825, 0.822, 0.589, 0.813, 0.805, 0.673, 0.819, 0.7713749999999999, 0.08974875645775982]
[0.4, 1.6, 0.807, 0.822, 0.821, 0.585, 0.812, 0.798, 0.513, 0.604, 0.7202500000000001, 0.12942261891073867]
[0.4, 1.7, 0.556, 0.823, 0.785, 0.586, 0.812, 0.797, 0.471, 0.582, 0.6765, 0.14141428499271214]
[0.4, 1.8, 0.534, 0.474, 0.556, 0.574, 0.808, 0.792, 0.456, 0.436, 0.57875, 0.14490957771757437]
[0.4, 1.9, 0.525, 0.407, 0.533, 0.565, 0.806, 0.772, 0.446, 0.384, 0.5547500000000001, 0.1579328519158877]
[0.4, 2.0, 0.511, 0.374, 0.495, 0.541, 0.807, 0.63, 0.44, 0.336, 0.51675, 0.14981107149625872]
[0.5, 0.1, 0.826, 0.833, 0.822, 0.816, 0.814, 0.824, 0.831, 0.824, 0.82375, 0.006562882641905815]
[0.5, 0.2, 0.828, 0.826, 0.831, 0.823, 0.82, 0.826, 0.834, 0.825, 0.8266249999999999, 0.004405759217855003]
[0.5, 0.3, 0.829, 0.829, 0.831, 0.824, 0.821, 0.823, 0.836, 0.827, 0.8274999999999999, 0.004840306956027838]
[0.5, 0.4, 0.826, 0.832, 0.835, 0.827, 0.824, 0.821, 0.833, 0.824, 0.82775, 0.005007137762377685]
[0.5, 0.5, 0.827, 0.833, 0.832, 0.824, 0.827, 0.822, 0.832, 0.827, 0.828, 0.0040000000000000036]
[0.5, 0.6, 0.827, 0.833, 0.834, 0.822, 0.824, 0.822, 0.832, 0.827, 0.8276249999999999, 0.004867897756879105]
[0.5, 0.7, 0.824, 0.832, 0.835, 0.819, 0.822, 0.827, 0.83, 0.826, 0.8268749999999999, 0.005303300858899111]
[0.5, 0.8, 0.823, 0.833, 0.84, 0.818, 0.822, 0.822, 0.834, 0.827, 0.827375, 0.007558108228915493]
[0.5, 0.9, 0.824, 0.835, 0.831, 0.817, 0.823, 0.823, 0.827, 0.83, 0.8262499999999999, 0.005675763007233985]
[0.5, 1.0, 0.826, 0.834, 0.829, 0.817, 0.825, 0.821, 0.826, 0.832, 0.8262499999999999, 0.005548487567410992]
[0.5, 1.1, 0.825, 0.83, 0.829, 0.818, 0.826, 0.821, 0.823, 0.828, 0.825, 0.004140393356054129]
[0.5, 1.2, 0.826, 0.83, 0.829, 0.808, 0.824, 0.817, 0.816, 0.822, 0.8215, 0.00744503669759734]
[0.5, 1.3, 0.826, 0.83, 0.829, 0.757, 0.819, 0.812, 0.784, 0.821, 0.80975, 0.025932604959779854]
[0.5, 1.4, 0.826, 0.829, 0.829, 0.597, 0.817, 0.807, 0.737, 0.82, 0.78275, 0.0809704531648075]
[0.5, 1.5, 0.829, 0.827, 0.827, 0.588, 0.815, 0.807, 0.694, 0.816, 0.7753749999999999, 0.08795930471368159]
[0.5, 1.6, 0.823, 0.821, 0.82, 0.585, 0.812, 0.802, 0.504, 0.631, 0.72475, 0.13017543108107174]
[0.5, 1.7, 0.552, 0.823, 0.81, 0.581, 0.811, 0.797, 0.472, 0.59, 0.6795, 0.14429434203341845]
[0.5, 1.8, 0.531, 0.48, 0.557, 0.575, 0.809, 0.793, 0.456, 0.513, 0.58925, 0.1362484600175094]
[0.5, 1.9, 0.52, 0.418, 0.534, 0.564, 0.808, 0.788, 0.442, 0.389, 0.5578749999999999, 0.15994323769923594]
[0.5, 2.0, 0.51, 0.376, 0.505, 0.542, 0.808, 0.593, 0.437, 0.34, 0.5138750000000001, 0.14580166322782467]
[0.6, 0.1, 0.828, 0.831, 0.822, 0.817, 0.817, 0.828, 0.83, 0.823, 0.8245, 0.005580578567035608]
[0.6, 0.2, 0.832, 0.827, 0.822, 0.822, 0.818, 0.826, 0.833, 0.828, 0.826, 0.005154748157905352]
[0.6, 0.3, 0.829, 0.828, 0.83, 0.823, 0.823, 0.824, 0.835, 0.827, 0.827375, 0.004103569874424675]
[0.6, 0.4, 0.828, 0.831, 0.832, 0.827, 0.825, 0.821, 0.833, 0.823, 0.8274999999999999, 0.004342481186734479]
[0.6, 0.5, 0.826, 0.832, 0.834, 0.823, 0.823, 0.822, 0.836, 0.824, 0.8274999999999999, 0.005606119105813886]
[0.6, 0.6, 0.828, 0.833, 0.837, 0.822, 0.825, 0.822, 0.833, 0.829, 0.828625, 0.00547559520574183]
[0.6, 0.7, 0.824, 0.833, 0.839, 0.82, 0.823, 0.828, 0.83, 0.827, 0.828, 0.006047431568147641]
[0.6, 0.8, 0.822, 0.834, 0.836, 0.82, 0.824, 0.824, 0.833, 0.827, 0.8274999999999999, 0.006047431568147641]
[0.6, 0.9, 0.822, 0.837, 0.83, 0.819, 0.825, 0.822, 0.83, 0.828, 0.8266249999999999, 0.005804862493757163]
[0.6, 1.0, 0.824, 0.834, 0.829, 0.817, 0.828, 0.826, 0.826, 0.831, 0.826875, 0.005083235752381131]
[0.6, 1.1, 0.824, 0.833, 0.829, 0.816, 0.827, 0.824, 0.827, 0.828, 0.826, 0.004956957592256426]
[0.6, 1.2, 0.826, 0.83, 0.829, 0.814, 0.825, 0.819, 0.817, 0.826, 0.8232499999999999, 0.005849297882163787]
[0.6, 1.3, 0.827, 0.831, 0.831, 0.795, 0.819, 0.815, 0.786, 0.82, 0.8154999999999999, 0.016630436812405964]
[0.6, 1.4, 0.827, 0.829, 0.831, 0.603, 0.817, 0.808, 0.749, 0.819, 0.7853749999999999, 0.07832521487818775]
[0.6, 1.5, 0.827, 0.827, 0.826, 0.586, 0.813, 0.807, 0.709, 0.816, 0.776375, 0.08637118815239919]
[0.6, 1.6, 0.828, 0.82, 0.823, 0.583, 0.814, 0.806, 0.503, 0.798, 0.746875, 0.12798932712200206]
[0.6, 1.7, 0.562, 0.822, 0.824, 0.581, 0.813, 0.8, 0.472, 0.589, 0.6828749999999999, 0.1455005522817206]
[0.6, 1.8, 0.528, 0.487, 0.568, 0.573, 0.81, 0.794, 0.458, 0.567, 0.598125, 0.1323776389187928]
[0.6, 1.9, 0.518, 0.43, 0.535, 0.564, 0.806, 0.789, 0.445, 0.392, 0.559875, 0.15753043923545154]
[0.6, 2.0, 0.504, 0.379, 0.511, 0.542, 0.81, 0.748, 0.435, 0.348, 0.534625, 0.16556564300257812]
[0.7, 0.1, 0.825, 0.827, 0.82, 0.816, 0.816, 0.826, 0.83, 0.823, 0.822875, 0.00513913555821544]
[0.7, 0.2, 0.828, 0.827, 0.822, 0.821, 0.816, 0.826, 0.831, 0.827, 0.8247499999999999, 0.004773438413315325]
[0.7, 0.3, 0.831, 0.83, 0.829, 0.822, 0.823, 0.825, 0.835, 0.826, 0.827625, 0.004405759217855003]
[0.7, 0.4, 0.83, 0.83, 0.832, 0.83, 0.825, 0.823, 0.832, 0.826, 0.8285, 0.0033806170189140694]
[0.7, 0.5, 0.828, 0.833, 0.835, 0.822, 0.824, 0.821, 0.834, 0.824, 0.827625, 0.005680480361981476]
[0.7, 0.6, 0.828, 0.833, 0.837, 0.821, 0.824, 0.825, 0.834, 0.83, 0.829, 0.0055032457955023545]
[0.7, 0.7, 0.823, 0.836, 0.841, 0.821, 0.826, 0.828, 0.833, 0.827, 0.829375, 0.006781013409302693]
[0.7, 0.8, 0.821, 0.834, 0.838, 0.821, 0.826, 0.829, 0.83, 0.827, 0.8282499999999999, 0.005897941529526581]
[0.7, 0.9, 0.821, 0.836, 0.839, 0.82, 0.825, 0.822, 0.83, 0.829, 0.82775, 0.007045768740375832]
[0.7, 1.0, 0.824, 0.834, 0.83, 0.819, 0.827, 0.825, 0.826, 0.83, 0.826875, 0.004549332761123175]
[0.7, 1.1, 0.824, 0.834, 0.829, 0.815, 0.827, 0.826, 0.826, 0.828, 0.826125, 0.00538350655773195]
[0.7, 1.2, 0.825, 0.833, 0.829, 0.817, 0.824, 0.818, 0.821, 0.827, 0.8242499999999999, 0.0054707011825333215]
[0.7, 1.3, 0.825, 0.832, 0.829, 0.809, 0.817, 0.815, 0.812, 0.822, 0.820125, 0.008219097969276857]
[0.7, 1.4, 0.828, 0.828, 0.832, 0.657, 0.815, 0.809, 0.767, 0.819, 0.7943749999999999, 0.05921374719727552]
[0.7, 1.5, 0.829, 0.826, 0.828, 0.586, 0.814, 0.808, 0.722, 0.819, 0.7789999999999999, 0.0855853792587095]
[0.7, 1.6, 0.829, 0.82, 0.822, 0.583, 0.813, 0.807, 0.523, 0.817, 0.7517499999999999, 0.12388099127791963]
[0.7, 1.7, 0.565, 0.819, 0.823, 0.582, 0.814, 0.8, 0.473, 0.591, 0.683375, 0.14423882724743115]
[0.7, 1.8, 0.527, 0.499, 0.808, 0.573, 0.813, 0.798, 0.457, 0.58, 0.631875, 0.14967434888545772]
[0.7, 1.9, 0.515, 0.438, 0.534, 0.564, 0.808, 0.79, 0.441, 0.396, 0.5607500000000001, 0.1572339021966955]
[0.7, 2.0, 0.498, 0.376, 0.512, 0.543, 0.813, 0.773, 0.435, 0.356, 0.53825, 0.17034733424892298]
[0.8, 0.1, 0.823, 0.826, 0.822, 0.818, 0.816, 0.825, 0.826, 0.822, 0.8222499999999999, 0.0036547425158474406]
[0.8, 0.2, 0.83, 0.827, 0.821, 0.82, 0.816, 0.825, 0.832, 0.825, 0.8245, 0.0053184315625675145]
[0.8, 0.3, 0.832, 0.832, 0.827, 0.825, 0.821, 0.826, 0.832, 0.826, 0.8276249999999999, 0.004033343171967539]
[0.8, 0.4, 0.834, 0.83, 0.833, 0.827, 0.825, 0.828, 0.83, 0.823, 0.82875, 0.003770183777256188]
[0.8, 0.5, 0.827, 0.833, 0.833, 0.827, 0.824, 0.823, 0.83, 0.822, 0.827375, 0.004307385683749653]
[0.8, 0.6, 0.828, 0.836, 0.837, 0.821, 0.825, 0.824, 0.833, 0.827, 0.828875, 0.005841660722773967]
[0.8, 0.7, 0.825, 0.836, 0.84, 0.823, 0.823, 0.828, 0.832, 0.826, 0.8291249999999999, 0.006289163014946544]
[0.8, 0.8, 0.822, 0.837, 0.84, 0.822, 0.828, 0.828, 0.83, 0.826, 0.8291249999999999, 0.00649037749287359]
[0.8, 0.9, 0.823, 0.837, 0.84, 0.82, 0.825, 0.822, 0.831, 0.828, 0.8282499999999999, 0.007245688373094725]
[0.8, 1.0, 0.824, 0.835, 0.837, 0.82, 0.826, 0.825, 0.824, 0.829, 0.8274999999999999, 0.0058309518948453055]
[0.8, 1.1, 0.824, 0.834, 0.832, 0.819, 0.826, 0.826, 0.826, 0.828, 0.826875, 0.0046425824094539735]
[0.8, 1.2, 0.825, 0.835, 0.831, 0.816, 0.825, 0.818, 0.823, 0.826, 0.8248749999999999, 0.006220645350076521]
[0.8, 1.3, 0.826, 0.831, 0.83, 0.815, 0.819, 0.815, 0.813, 0.823, 0.8214999999999999, 0.007050835816716044]
[0.8, 1.4, 0.827, 0.828, 0.828, 0.755, 0.817, 0.812, 0.774, 0.82, 0.8076249999999999, 0.027686703874397367]
[0.8, 1.5, 0.828, 0.822, 0.828, 0.59, 0.817, 0.809, 0.733, 0.816, 0.7803749999999999, 0.08296804462304404]
[0.8, 1.6, 0.828, 0.82, 0.824, 0.583, 0.816, 0.806, 0.571, 0.816, 0.758, 0.11194769186671834]
[0.8, 1.7, 0.796, 0.815, 0.823, 0.58, 0.814, 0.803, 0.472, 0.607, 0.71375, 0.13871630865083706]
[0.8, 1.8, 0.523, 0.741, 0.822, 0.574, 0.812, 0.799, 0.456, 0.587, 0.66425, 0.14550184093091648]
[0.8, 1.9, 0.511, 0.433, 0.535, 0.563, 0.814, 0.796, 0.44, 0.42, 0.564, 0.15732041916329326]
[0.8, 2.0, 0.497, 0.382, 0.512, 0.54, 0.813, 0.786, 0.434, 0.364, 0.541, 0.17106640314718224]
[0.9, 0.1, 0.824, 0.827, 0.82, 0.819, 0.819, 0.823, 0.828, 0.818, 0.8222499999999999, 0.003845219666769938]
[0.9, 0.2, 0.825, 0.826, 0.819, 0.819, 0.819, 0.825, 0.829, 0.825, 0.823375, 0.0038521793460696684]
[0.9, 0.3, 0.832, 0.83, 0.823, 0.823, 0.819, 0.827, 0.831, 0.827, 0.8265, 0.004535573676110731]
[0.9, 0.4, 0.833, 0.828, 0.832, 0.824, 0.827, 0.827, 0.833, 0.823, 0.828375, 0.003925648263117101]
[0.9, 0.5, 0.833, 0.83, 0.835, 0.825, 0.825, 0.825, 0.83, 0.822, 0.8281249999999999, 0.004549332761123175]
[0.9, 0.6, 0.829, 0.833, 0.84, 0.819, 0.825, 0.825, 0.832, 0.828, 0.8288749999999999, 0.006311836952447821]
[0.9, 0.7, 0.828, 0.834, 0.84, 0.822, 0.825, 0.828, 0.834, 0.826, 0.829625, 0.0059024813184190405]
[0.9, 0.8, 0.822, 0.838, 0.842, 0.822, 0.826, 0.829, 0.831, 0.826, 0.8294999999999999, 0.007250615737399733]
[0.9, 0.9, 0.823, 0.836, 0.841, 0.822, 0.824, 0.824, 0.833, 0.827, 0.8287499999999999, 0.007045768740375831]
[0.9, 1.0, 0.826, 0.836, 0.841, 0.822, 0.824, 0.822, 0.826, 0.827, 0.828, 0.006866065623255958]
[0.9, 1.1, 0.827, 0.835, 0.834, 0.82, 0.825, 0.823, 0.826, 0.827, 0.827125, 0.005111262075065223]
[0.9, 1.2, 0.828, 0.836, 0.829, 0.817, 0.824, 0.819, 0.824, 0.825, 0.8252499999999999, 0.0059461872537906945]
[0.9, 1.3, 0.829, 0.832, 0.829, 0.815, 0.82, 0.815, 0.816, 0.822, 0.8222499999999999, 0.006923046397979109]
[0.9, 1.4, 0.83, 0.828, 0.829, 0.79, 0.819, 0.813, 0.783, 0.819, 0.813875, 0.017987594931745884]
[0.9, 1.5, 0.828, 0.821, 0.826, 0.602, 0.817, 0.81, 0.738, 0.819, 0.782625, 0.07863466611034674]
[0.9, 1.6, 0.83, 0.82, 0.825, 0.583, 0.815, 0.807, 0.636, 0.815, 0.766375, 0.09809898426734964]
[0.9, 1.7, 0.818, 0.815, 0.823, 0.581, 0.815, 0.803, 0.483, 0.768, 0.73825, 0.13108421502443163]
[0.9, 1.8, 0.522, 0.818, 0.822, 0.573, 0.813, 0.801, 0.454, 0.585, 0.6735, 0.15478741181744352]
[0.9, 1.9, 0.509, 0.434, 0.542, 0.56, 0.814, 0.797, 0.441, 0.486, 0.572875, 0.15014130249297067]
[0.9, 2.0, 0.493, 0.394, 0.513, 0.537, 0.814, 0.789, 0.433, 0.372, 0.543125, 0.1694254471525961]
[1.0, 0.1, 0.822, 0.826, 0.82, 0.816, 0.817, 0.821, 0.825, 0.814, 0.820125, 0.004257346591481604]
[1.0, 0.2, 0.826, 0.827, 0.821, 0.822, 0.82, 0.827, 0.83, 0.821, 0.8242499999999999, 0.0036936238496708307]
[1.0, 0.3, 0.83, 0.827, 0.82, 0.824, 0.818, 0.828, 0.829, 0.828, 0.8255, 0.004407785320154722]
[1.0, 0.4, 0.832, 0.832, 0.828, 0.826, 0.824, 0.83, 0.832, 0.823, 0.8283749999999999, 0.003700868623908257]
[1.0, 0.5, 0.835, 0.829, 0.834, 0.826, 0.828, 0.828, 0.831, 0.826, 0.829625, 0.003420004177106892]
[1.0, 0.6, 0.83, 0.832, 0.838, 0.822, 0.823, 0.829, 0.829, 0.828, 0.828875, 0.005026714348643375]
[1.0, 0.7, 0.827, 0.835, 0.841, 0.82, 0.825, 0.828, 0.832, 0.828, 0.8294999999999999, 0.0064365030434678965]
[1.0, 0.8, 0.825, 0.837, 0.839, 0.823, 0.828, 0.828, 0.832, 0.824, 0.8294999999999999, 0.005976143046671973]
[1.0, 0.9, 0.824, 0.837, 0.842, 0.822, 0.826, 0.824, 0.834, 0.827, 0.8295, 0.007250615737399733]
[1.0, 1.0, 0.825, 0.836, 0.84, 0.822, 0.825, 0.823, 0.826, 0.828, 0.828125, 0.006446205971621718]
[1.0, 1.1, 0.831, 0.837, 0.838, 0.821, 0.825, 0.823, 0.824, 0.824, 0.8278749999999999, 0.00659951296904336]
[1.0, 1.2, 0.831, 0.838, 0.834, 0.818, 0.824, 0.818, 0.821, 0.823, 0.8258749999999999, 0.00754865172445669]
[1.0, 1.3, 0.831, 0.833, 0.829, 0.817, 0.822, 0.817, 0.82, 0.823, 0.8239999999999998, 0.0062564252687023455]
[1.0, 1.4, 0.833, 0.828, 0.828, 0.812, 0.818, 0.812, 0.806, 0.82, 0.819625, 0.009440603794249562]
[1.0, 1.5, 0.832, 0.824, 0.829, 0.642, 0.817, 0.81, 0.755, 0.819, 0.7909999999999999, 0.06495273006469506]
[1.0, 1.6, 0.831, 0.82, 0.826, 0.584, 0.816, 0.807, 0.666, 0.814, 0.7705, 0.09272694168517429]
[1.0, 1.7, 0.83, 0.813, 0.823, 0.581, 0.815, 0.804, 0.484, 0.814, 0.7454999999999999, 0.1342119858390343]
[1.0, 1.8, 0.521, 0.824, 0.821, 0.573, 0.813, 0.803, 0.454, 0.587, 0.6745, 0.1556773219561172]
[1.0, 1.9, 0.508, 0.433, 0.798, 0.559, 0.814, 0.797, 0.443, 0.515, 0.608375, 0.16611350465441221]
[1.0, 2.0, 0.491, 0.405, 0.513, 0.538, 0.815, 0.792, 0.434, 0.374, 0.54525, 0.16863294882249857]
[1.1, 0.1, 0.825, 0.824, 0.818, 0.815, 0.816, 0.822, 0.82, 0.811, 0.818875, 0.004793969425970784]
[1.1, 0.2, 0.825, 0.824, 0.822, 0.82, 0.821, 0.825, 0.828, 0.817, 0.82275, 0.0034537764010675984]
[1.1, 0.3, 0.825, 0.826, 0.821, 0.82, 0.82, 0.828, 0.828, 0.827, 0.824375, 0.0035025500914129927]
[1.1, 0.4, 0.835, 0.833, 0.824, 0.826, 0.825, 0.829, 0.833, 0.828, 0.8291249999999999, 0.004120939559996348]
[1.1, 0.5, 0.833, 0.829, 0.833, 0.822, 0.826, 0.833, 0.828, 0.823, 0.8283749999999999, 0.004470139019889974]
[1.1, 0.6, 0.832, 0.83, 0.838, 0.823, 0.827, 0.828, 0.829, 0.824, 0.828875, 0.004733995594179859]
[1.1, 0.7, 0.83, 0.833, 0.839, 0.82, 0.829, 0.829, 0.83, 0.829, 0.8298749999999999, 0.00524914959098819]
[1.1, 0.8, 0.827, 0.839, 0.84, 0.822, 0.828, 0.828, 0.83, 0.825, 0.8298749999999999, 0.006401729676981287]
[1.1, 0.9, 0.827, 0.834, 0.843, 0.821, 0.826, 0.825, 0.832, 0.825, 0.829125, 0.0069577808449040966]
[1.1, 1.0, 0.828, 0.838, 0.841, 0.823, 0.827, 0.823, 0.829, 0.827, 0.8295, 0.006590035768383318]
[1.1, 1.1, 0.832, 0.837, 0.839, 0.823, 0.825, 0.82, 0.825, 0.824, 0.828125, 0.0069782826376859125]
[1.1, 1.2, 0.834, 0.838, 0.836, 0.819, 0.826, 0.818, 0.822, 0.825, 0.8272499999999999, 0.007796519369931328]
[1.1, 1.3, 0.834, 0.834, 0.833, 0.818, 0.822, 0.814, 0.818, 0.822, 0.824375, 0.008105333341166709]
[1.1, 1.4, 0.836, 0.828, 0.83, 0.815, 0.819, 0.811, 0.804, 0.819, 0.82025, 0.010579630023236673]
[1.1, 1.5, 0.834, 0.821, 0.828, 0.722, 0.817, 0.808, 0.762, 0.821, 0.801625, 0.03906382140622115]
[1.1, 1.6, 0.832, 0.816, 0.827, 0.587, 0.817, 0.807, 0.688, 0.813, 0.7733749999999999, 0.08844520095193731]
[1.1, 1.7, 0.833, 0.811, 0.824, 0.581, 0.815, 0.804, 0.485, 0.812, 0.745625, 0.13400632980785435]
[1.1, 1.8, 0.524, 0.819, 0.824, 0.573, 0.813, 0.802, 0.452, 0.587, 0.67425, 0.15528016155139898]
[1.1, 1.9, 0.506, 0.437, 0.823, 0.555, 0.814, 0.798, 0.443, 0.527, 0.6128750000000001, 0.16937316156092397]
[1.1, 2.0, 0.49, 0.41, 0.517, 0.535, 0.814, 0.792, 0.433, 0.373, 0.5455, 0.16802635847645198]
[1.2, 0.1, 0.825, 0.818, 0.815, 0.813, 0.817, 0.823, 0.822, 0.808, 0.8176249999999999, 0.005655275665884256]
[1.2, 0.2, 0.824, 0.824, 0.822, 0.817, 0.82, 0.828, 0.823, 0.817, 0.8218749999999999, 0.0037583240945932308]
[1.2, 0.3, 0.824, 0.823, 0.822, 0.826, 0.822, 0.826, 0.828, 0.824, 0.824375, 0.0021339098923270957]
[1.2, 0.4, 0.83, 0.831, 0.824, 0.828, 0.824, 0.83, 0.828, 0.828, 0.8278749999999999, 0.002642374473299133]
[1.2, 0.5, 0.831, 0.83, 0.832, 0.824, 0.825, 0.833, 0.828, 0.825, 0.8285, 0.0035050983275386597]
[1.2, 0.6, 0.835, 0.829, 0.837, 0.822, 0.826, 0.832, 0.828, 0.825, 0.8292499999999999, 0.005119988839273555]
[1.2, 0.7, 0.831, 0.83, 0.836, 0.82, 0.828, 0.828, 0.829, 0.826, 0.8285, 0.004535573676110731]
[1.2, 0.8, 0.826, 0.838, 0.839, 0.822, 0.829, 0.828, 0.832, 0.828, 0.83025, 0.00582482372510718]
[1.2, 0.9, 0.827, 0.837, 0.843, 0.821, 0.831, 0.827, 0.829, 0.825, 0.83, 0.0070101966550773194]
[1.2, 1.0, 0.828, 0.837, 0.843, 0.824, 0.828, 0.821, 0.829, 0.825, 0.829375, 0.007229651246281333]
[1.2, 1.1, 0.832, 0.837, 0.842, 0.823, 0.829, 0.819, 0.824, 0.825, 0.828875, 0.007735585673643969]
[1.2, 1.2, 0.836, 0.837, 0.834, 0.82, 0.825, 0.818, 0.824, 0.826, 0.8274999999999999, 0.007289914755527477]
[1.2, 1.3, 0.836, 0.834, 0.833, 0.818, 0.822, 0.814, 0.822, 0.822, 0.8251249999999999, 0.008131727983645304]
[1.2, 1.4, 0.836, 0.827, 0.831, 0.816, 0.819, 0.812, 0.806, 0.821, 0.821, 0.009971387638065769]
[1.2, 1.5, 0.835, 0.822, 0.83, 0.778, 0.817, 0.807, 0.773, 0.819, 0.810125, 0.02299339967406793]
[1.2, 1.6, 0.834, 0.815, 0.829, 0.593, 0.818, 0.807, 0.704, 0.815, 0.776875, 0.08502678149517698]
[1.2, 1.7, 0.832, 0.81, 0.825, 0.579, 0.817, 0.805, 0.495, 0.814, 0.747125, 0.1318867885726239]
[1.2, 1.8, 0.536, 0.814, 0.822, 0.572, 0.813, 0.801, 0.454, 0.621, 0.679125, 0.149952790189827]
[1.2, 1.9, 0.506, 0.438, 0.82, 0.558, 0.814, 0.799, 0.444, 0.553, 0.6165, 0.16690801572808212]
[1.2, 2.0, 0.488, 0.412, 0.517, 0.533, 0.814, 0.79, 0.433, 0.388, 0.546875, 0.16536404644644753]
[1.3, 0.1, 0.824, 0.819, 0.811, 0.811, 0.815, 0.821, 0.817, 0.81, 0.816, 0.005154748157905302]
[1.3, 0.2, 0.825, 0.821, 0.823, 0.816, 0.819, 0.826, 0.819, 0.813, 0.8202499999999999, 0.004432026302139596]
[1.3, 0.3, 0.825, 0.823, 0.823, 0.82, 0.822, 0.827, 0.822, 0.82, 0.8227499999999999, 0.0023754698783308432]
[1.3, 0.4, 0.828, 0.827, 0.825, 0.82, 0.821, 0.831, 0.826, 0.826, 0.8254999999999999, 0.003585685828003184]
[1.3, 0.5, 0.834, 0.83, 0.831, 0.827, 0.828, 0.835, 0.825, 0.825, 0.829375, 0.0038149143409218845]
[1.3, 0.6, 0.837, 0.828, 0.833, 0.822, 0.828, 0.834, 0.824, 0.825, 0.828875, 0.005303300858899111]
[1.3, 0.7, 0.835, 0.828, 0.835, 0.819, 0.828, 0.829, 0.83, 0.826, 0.8287499999999999, 0.005119988839273555]
[1.3, 0.8, 0.83, 0.834, 0.838, 0.821, 0.831, 0.829, 0.825, 0.829, 0.829625, 0.005180664601601397]
[1.3, 0.9, 0.83, 0.839, 0.841, 0.821, 0.83, 0.826, 0.83, 0.828, 0.830625, 0.006545172703167258]
[1.3, 1.0, 0.83, 0.837, 0.843, 0.822, 0.829, 0.821, 0.829, 0.83, 0.830125, 0.0072197645390968315]
[1.3, 1.1, 0.833, 0.836, 0.841, 0.824, 0.829, 0.823, 0.827, 0.825, 0.82975, 0.0063863694135020375]
[1.3, 1.2, 0.836, 0.835, 0.842, 0.82, 0.83, 0.818, 0.823, 0.827, 0.828875, 0.00842509008006104]
[1.3, 1.3, 0.837, 0.83, 0.833, 0.819, 0.827, 0.815, 0.82, 0.823, 0.8254999999999999, 0.007559289460184551]
[1.3, 1.4, 0.838, 0.827, 0.83, 0.815, 0.821, 0.813, 0.814, 0.821, 0.822375, 0.008782084035125157]
[1.3, 1.5, 0.835, 0.82, 0.832, 0.798, 0.818, 0.809, 0.795, 0.819, 0.81575, 0.014439529078193614]
[1.3, 1.6, 0.834, 0.815, 0.83, 0.612, 0.82, 0.807, 0.724, 0.814, 0.782, 0.07695453203028395]
[1.3, 1.7, 0.831, 0.809, 0.826, 0.579, 0.818, 0.805, 0.513, 0.813, 0.74925, 0.12696540586204688]
[1.3, 1.8, 0.564, 0.812, 0.823, 0.573, 0.814, 0.802, 0.455, 0.77, 0.7016249999999999, 0.1466784018573579]
[1.3, 1.9, 0.507, 0.438, 0.821, 0.558, 0.816, 0.798, 0.444, 0.572, 0.61925, 0.16626721178357962]
[1.3, 2.0, 0.486, 0.416, 0.525, 0.532, 0.815, 0.792, 0.432, 0.441, 0.554875, 0.15919658781339682]
[1.4, 0.1, 0.828, 0.815, 0.812, 0.81, 0.817, 0.816, 0.813, 0.812, 0.815375, 0.005604526232047983]
[1.4, 0.2, 0.825, 0.82, 0.816, 0.814, 0.819, 0.822, 0.818, 0.814, 0.8185, 0.0038544964466377296]
[1.4, 0.3, 0.823, 0.822, 0.821, 0.818, 0.823, 0.828, 0.821, 0.814, 0.8212499999999999, 0.004062019202317984]
[1.4, 0.4, 0.828, 0.825, 0.822, 0.819, 0.822, 0.83, 0.825, 0.825, 0.8245, 0.0035050983275386597]
[1.4, 0.5, 0.834, 0.829, 0.829, 0.823, 0.827, 0.835, 0.827, 0.827, 0.8288749999999999, 0.003943801646707331]
[1.4, 0.6, 0.836, 0.826, 0.829, 0.821, 0.83, 0.836, 0.821, 0.826, 0.828125, 0.005841660722773967]
[1.4, 0.7, 0.834, 0.825, 0.835, 0.821, 0.829, 0.833, 0.825, 0.825, 0.8283749999999999, 0.005153015760559197]
[1.4, 0.8, 0.832, 0.833, 0.837, 0.82, 0.832, 0.831, 0.825, 0.828, 0.82975, 0.005284748946598266]
[1.4, 0.9, 0.833, 0.835, 0.84, 0.818, 0.831, 0.829, 0.826, 0.828, 0.83, 0.006546536707079777]
[1.4, 1.0, 0.828, 0.835, 0.841, 0.821, 0.83, 0.823, 0.829, 0.827, 0.82925, 0.0063863694135020375]
[1.4, 1.1, 0.835, 0.838, 0.841, 0.824, 0.83, 0.821, 0.828, 0.825, 0.8302499999999999, 0.007126409634992531]
[1.4, 1.2, 0.836, 0.835, 0.839, 0.821, 0.832, 0.819, 0.825, 0.825, 0.829, 0.007464200272921796]
[1.4, 1.3, 0.837, 0.829, 0.833, 0.821, 0.827, 0.818, 0.82, 0.825, 0.8262499999999999, 0.006606274074155357]
[1.4, 1.4, 0.838, 0.827, 0.83, 0.818, 0.825, 0.817, 0.815, 0.82, 0.82375, 0.00777817459305203]
[1.4, 1.5, 0.836, 0.821, 0.83, 0.807, 0.82, 0.812, 0.799, 0.819, 0.8180000000000001, 0.0119522860933439]
[1.4, 1.6, 0.835, 0.815, 0.83, 0.689, 0.818, 0.806, 0.743, 0.816, 0.7939999999999999, 0.051057390678109896]
[1.4, 1.7, 0.832, 0.809, 0.829, 0.582, 0.818, 0.808, 0.574, 0.816, 0.7585, 0.11174716359455651]
[1.4, 1.8, 0.791, 0.811, 0.826, 0.573, 0.816, 0.803, 0.462, 0.801, 0.7353750000000001, 0.13810238179388093]
[1.4, 1.9, 0.506, 0.439, 0.822, 0.559, 0.817, 0.8, 0.445, 0.581, 0.6211249999999999, 0.16631591067260262]
[1.4, 2.0, 0.484, 0.419, 0.768, 0.532, 0.817, 0.791, 0.432, 0.454, 0.5871250000000001, 0.1735547978511192]
[1.5, 0.1, 0.825, 0.813, 0.81, 0.806, 0.817, 0.814, 0.808, 0.809, 0.81275, 0.006088631091750269]
[1.5, 0.2, 0.826, 0.82, 0.814, 0.813, 0.817, 0.822, 0.817, 0.814, 0.8178749999999999, 0.00451782185192315]
[1.5, 0.3, 0.823, 0.821, 0.821, 0.815, 0.821, 0.822, 0.819, 0.818, 0.82, 0.0025634797778466252]
[1.5, 0.4, 0.827, 0.824, 0.822, 0.819, 0.822, 0.833, 0.822, 0.819, 0.8234999999999999, 0.004629100498862762]
[1.5, 0.5, 0.832, 0.827, 0.825, 0.82, 0.827, 0.833, 0.826, 0.825, 0.826875, 0.004120939559996348]
[1.5, 0.6, 0.838, 0.825, 0.83, 0.82, 0.83, 0.836, 0.825, 0.823, 0.828375, 0.006300510183423929]
[1.5, 0.7, 0.837, 0.829, 0.834, 0.816, 0.83, 0.835, 0.825, 0.823, 0.828625, 0.007029275516418059]
[1.5, 0.8, 0.835, 0.831, 0.838, 0.819, 0.83, 0.833, 0.827, 0.826, 0.8298749999999999, 0.005914570386523684]
[1.5, 0.9, 0.831, 0.837, 0.839, 0.816, 0.833, 0.829, 0.827, 0.828, 0.8299999999999998, 0.007071067811865481]
[1.5, 1.0, 0.829, 0.833, 0.839, 0.817, 0.83, 0.823, 0.829, 0.826, 0.8282499999999999, 0.006562882641905815]
[1.5, 1.1, 0.835, 0.835, 0.841, 0.821, 0.832, 0.82, 0.83, 0.825, 0.8298749999999999, 0.007376361859732369]
[1.5, 1.2, 0.838, 0.835, 0.839, 0.82, 0.831, 0.82, 0.826, 0.823, 0.829, 0.007819389819088012]
[1.5, 1.3, 0.84, 0.829, 0.835, 0.822, 0.831, 0.82, 0.82, 0.825, 0.82775, 0.007324128422062057]
[1.5, 1.4, 0.841, 0.827, 0.834, 0.82, 0.827, 0.817, 0.815, 0.822, 0.825375, 0.008798335881615025]
[1.5, 1.5, 0.839, 0.821, 0.831, 0.807, 0.822, 0.813, 0.802, 0.818, 0.819125, 0.012111830108263073]
[1.5, 1.6, 0.835, 0.815, 0.83, 0.743, 0.817, 0.81, 0.763, 0.818, 0.803875, 0.032865255209719564]
[1.5, 1.7, 0.834, 0.81, 0.829, 0.586, 0.817, 0.808, 0.621, 0.816, 0.765125, 0.10057894908975734]
[1.5, 1.8, 0.827, 0.803, 0.826, 0.574, 0.817, 0.804, 0.465, 0.807, 0.740375, 0.13970779454684287]
[1.5, 1.9, 0.504, 0.444, 0.826, 0.56, 0.816, 0.8, 0.445, 0.585, 0.6225, 0.16608259563069386]
[1.5, 2.0, 0.479, 0.42, 0.82, 0.533, 0.816, 0.795, 0.432, 0.474, 0.596125, 0.18070926729339115]
[1.6, 0.1, 0.825, 0.814, 0.81, 0.801, 0.816, 0.816, 0.804, 0.809, 0.811875, 0.0075864070170648485]
[1.6, 0.2, 0.826, 0.817, 0.813, 0.812, 0.815, 0.822, 0.812, 0.812, 0.816125, 0.00527629469554965]
[1.6, 0.3, 0.824, 0.819, 0.82, 0.815, 0.818, 0.825, 0.819, 0.815, 0.819375, 0.0036620642110310286]
[1.6, 0.4, 0.824, 0.823, 0.823, 0.817, 0.823, 0.83, 0.819, 0.816, 0.8218749999999999, 0.004486089611231594]
[1.6, 0.5, 0.828, 0.827, 0.825, 0.816, 0.822, 0.832, 0.821, 0.824, 0.824375, 0.004867897756879104]
[1.6, 0.6, 0.831, 0.83, 0.83, 0.821, 0.828, 0.836, 0.824, 0.828, 0.8285, 0.004535573676110731]
[1.6, 0.7, 0.832, 0.829, 0.833, 0.819, 0.83, 0.832, 0.824, 0.824, 0.8278749999999999, 0.004998213966722804]
[1.6, 0.8, 0.833, 0.833, 0.837, 0.817, 0.83, 0.831, 0.824, 0.826, 0.828875, 0.00631183695244782]
[1.6, 0.9, 0.833, 0.834, 0.836, 0.816, 0.833, 0.83, 0.827, 0.825, 0.8292499999999999, 0.006497252166438193]
[1.6, 1.0, 0.83, 0.835, 0.839, 0.814, 0.834, 0.827, 0.826, 0.828, 0.829125, 0.0075675529164226695]
[1.6, 1.1, 0.836, 0.834, 0.842, 0.816, 0.831, 0.819, 0.828, 0.824, 0.8287499999999999, 0.008795290947839247]
[1.6, 1.2, 0.837, 0.834, 0.843, 0.82, 0.831, 0.821, 0.826, 0.825, 0.829625, 0.008070006195784494]
[1.6, 1.3, 0.842, 0.828, 0.84, 0.82, 0.833, 0.821, 0.82, 0.824, 0.8285, 0.008912270834561278]
[1.6, 1.4, 0.841, 0.827, 0.833, 0.816, 0.828, 0.818, 0.816, 0.823, 0.82525, 0.008843884085303575]
[1.6, 1.5, 0.84, 0.822, 0.831, 0.808, 0.825, 0.815, 0.803, 0.821, 0.820625, 0.011987344517090843]
[1.6, 1.6, 0.839, 0.817, 0.829, 0.78, 0.82, 0.809, 0.782, 0.818, 0.81175, 0.02096084785635213]
[1.6, 1.7, 0.835, 0.805, 0.828, 0.6, 0.817, 0.808, 0.67, 0.816, 0.772375, 0.08737266244573952]
[1.6, 1.8, 0.837, 0.801, 0.826, 0.574, 0.816, 0.804, 0.472, 0.806, 0.742, 0.13841036294811374]
[1.6, 1.9, 0.507, 0.454, 0.827, 0.562, 0.816, 0.799, 0.446, 0.681, 0.6365000000000001, 0.1642358930667367]
[1.6, 2.0, 0.476, 0.419, 0.822, 0.534, 0.819, 0.795, 0.428, 0.522, 0.6018749999999999, 0.17864684835891012]
[1.7, 0.1, 0.823, 0.814, 0.806, 0.8, 0.813, 0.818, 0.806, 0.807, 0.810875, 0.007491662031885803]
[1.7, 0.2, 0.825, 0.815, 0.808, 0.809, 0.816, 0.82, 0.807, 0.809, 0.8136249999999999, 0.006501373481261981]
[1.7, 0.3, 0.823, 0.821, 0.818, 0.812, 0.819, 0.823, 0.814, 0.817, 0.818375, 0.003997767233987327]
[1.7, 0.4, 0.822, 0.823, 0.82, 0.816, 0.82, 0.83, 0.816, 0.816, 0.820375, 0.004779046527738117]
[1.7, 0.5, 0.829, 0.825, 0.823, 0.815, 0.822, 0.833, 0.819, 0.823, 0.8236249999999999, 0.005578978401105355]
[1.7, 0.6, 0.831, 0.83, 0.826, 0.819, 0.828, 0.835, 0.824, 0.825, 0.82725, 0.00489168390521827]
[1.7, 0.7, 0.833, 0.829, 0.834, 0.818, 0.83, 0.834, 0.822, 0.824, 0.828, 0.006023762469230866]
[1.7, 0.8, 0.83, 0.829, 0.838, 0.814, 0.83, 0.831, 0.822, 0.824, 0.82725, 0.007186296483088993]
[1.7, 0.9, 0.836, 0.83, 0.835, 0.813, 0.834, 0.829, 0.823, 0.827, 0.828375, 0.007595816517756908]
[1.7, 1.0, 0.835, 0.834, 0.84, 0.816, 0.836, 0.828, 0.826, 0.828, 0.830375, 0.007520210863305067]
[1.7, 1.1, 0.835, 0.83, 0.845, 0.815, 0.832, 0.821, 0.827, 0.825, 0.82875, 0.009114352888243285]
[1.7, 1.2, 0.837, 0.834, 0.845, 0.817, 0.831, 0.822, 0.825, 0.826, 0.829625, 0.008975164144937493]
[1.7, 1.3, 0.838, 0.826, 0.839, 0.819, 0.831, 0.82, 0.819, 0.823, 0.826875, 0.008236460751699473]
[1.7, 1.4, 0.842, 0.825, 0.836, 0.814, 0.831, 0.817, 0.812, 0.824, 0.8251249999999999, 0.01069629441842894]
[1.7, 1.5, 0.84, 0.821, 0.832, 0.808, 0.828, 0.818, 0.803, 0.823, 0.821625, 0.012153041947242172]
[1.7, 1.6, 0.839, 0.818, 0.827, 0.784, 0.823, 0.809, 0.785, 0.818, 0.812875, 0.019504120443786053]
[1.7, 1.7, 0.836, 0.802, 0.831, 0.633, 0.818, 0.809, 0.695, 0.813, 0.779625, 0.07409248564173987]
[1.7, 1.8, 0.837, 0.798, 0.826, 0.576, 0.816, 0.806, 0.483, 0.806, 0.7435, 0.13496242863425786]
[1.7, 1.9, 0.509, 0.469, 0.828, 0.562, 0.816, 0.8, 0.45, 0.781, 0.6518750000000001, 0.1687173777991721]
[1.7, 2.0, 0.473, 0.417, 0.821, 0.535, 0.816, 0.795, 0.428, 0.56, 0.605625, 0.1765931057544433]
[1.8, 0.1, 0.822, 0.814, 0.804, 0.796, 0.811, 0.817, 0.804, 0.807, 0.809375, 0.008314144574157906]
[1.8, 0.2, 0.826, 0.813, 0.81, 0.807, 0.813, 0.821, 0.806, 0.809, 0.813125, 0.006998724373565678]
[1.8, 0.3, 0.824, 0.821, 0.812, 0.813, 0.819, 0.823, 0.809, 0.815, 0.817, 0.005529143565818147]
[1.8, 0.4, 0.821, 0.823, 0.818, 0.813, 0.819, 0.828, 0.813, 0.815, 0.8187499999999999, 0.005203021100421237]
[1.8, 0.5, 0.826, 0.826, 0.823, 0.815, 0.82, 0.831, 0.817, 0.822, 0.8225, 0.005209880722517281]
[1.8, 0.6, 0.829, 0.829, 0.824, 0.818, 0.824, 0.831, 0.819, 0.825, 0.8248749999999999, 0.004703721930556699]
[1.8, 0.7, 0.833, 0.827, 0.831, 0.818, 0.831, 0.829, 0.818, 0.825, 0.8265, 0.005806400409400455]
[1.8, 0.8, 0.83, 0.831, 0.835, 0.815, 0.829, 0.832, 0.822, 0.825, 0.827375, 0.006435115716575294]
[1.8, 0.9, 0.833, 0.833, 0.838, 0.817, 0.833, 0.829, 0.822, 0.826, 0.8288749999999999, 0.0068751623357457695]
[1.8, 1.0, 0.834, 0.836, 0.837, 0.811, 0.835, 0.83, 0.823, 0.825, 0.828875, 0.008871100753087417]
[1.8, 1.1, 0.833, 0.828, 0.843, 0.814, 0.833, 0.823, 0.823, 0.825, 0.82775, 0.008697290218387407]
[1.8, 1.2, 0.836, 0.834, 0.845, 0.814, 0.83, 0.823, 0.826, 0.825, 0.8291249999999999, 0.009387491677759303]
[1.8, 1.3, 0.838, 0.827, 0.842, 0.815, 0.831, 0.823, 0.819, 0.823, 0.82725, 0.00926976652503026]
[1.8, 1.4, 0.841, 0.825, 0.841, 0.812, 0.831, 0.82, 0.812, 0.824, 0.82575, 0.011386081729148817]
[1.8, 1.5, 0.84, 0.819, 0.831, 0.808, 0.828, 0.814, 0.802, 0.823, 0.8206249999999999, 0.012512136964906143]
[1.8, 1.6, 0.839, 0.816, 0.828, 0.792, 0.826, 0.812, 0.788, 0.819, 0.815, 0.01752549163769325]
[1.8, 1.7, 0.84, 0.801, 0.826, 0.688, 0.818, 0.811, 0.726, 0.814, 0.7905, 0.05374011537017762]
[1.8, 1.8, 0.836, 0.795, 0.827, 0.581, 0.818, 0.805, 0.494, 0.806, 0.74525, 0.13095882668119124]
[1.8, 1.9, 0.518, 0.761, 0.827, 0.566, 0.816, 0.801, 0.45, 0.788, 0.6908749999999999, 0.15314086652490902]
[1.8, 2.0, 0.472, 0.42, 0.826, 0.537, 0.818, 0.796, 0.426, 0.577, 0.609, 0.1772512341282847]
[1.9, 0.1, 0.824, 0.813, 0.804, 0.797, 0.807, 0.815, 0.804, 0.808, 0.8089999999999999, 0.00824621125123528]
[1.9, 0.2, 0.823, 0.813, 0.808, 0.805, 0.81, 0.82, 0.808, 0.811, 0.8122499999999999, 0.006227817778782047]
[1.9, 0.3, 0.822, 0.818, 0.812, 0.808, 0.818, 0.824, 0.806, 0.81, 0.81475, 0.006670832032063118]
[1.9, 0.4, 0.821, 0.823, 0.82, 0.811, 0.82, 0.827, 0.809, 0.817, 0.8185, 0.00599999999999996]
[1.9, 0.5, 0.823, 0.823, 0.82, 0.811, 0.822, 0.83, 0.815, 0.822, 0.82075, 0.005700877125495669]
[1.9, 0.6, 0.828, 0.829, 0.822, 0.816, 0.821, 0.832, 0.817, 0.825, 0.82375, 0.005750776345105818]
[1.9, 0.7, 0.831, 0.827, 0.823, 0.819, 0.826, 0.831, 0.818, 0.824, 0.824875, 0.004882549100038397]
[1.9, 0.8, 0.832, 0.831, 0.833, 0.817, 0.83, 0.835, 0.823, 0.827, 0.8285, 0.005952190473142765]
[1.9, 0.9, 0.832, 0.831, 0.835, 0.812, 0.834, 0.829, 0.822, 0.825, 0.8274999999999999, 0.007653197277702188]
[1.9, 1.0, 0.837, 0.838, 0.836, 0.81, 0.836, 0.83, 0.823, 0.826, 0.8294999999999999, 0.009621404708847255]
[1.9, 1.1, 0.835, 0.83, 0.84, 0.811, 0.833, 0.827, 0.823, 0.827, 0.8282499999999999, 0.008762745818846618]
[1.9, 1.2, 0.835, 0.833, 0.844, 0.813, 0.832, 0.821, 0.822, 0.828, 0.8285, 0.009665845613735593]
[1.9, 1.3, 0.835, 0.826, 0.844, 0.81, 0.832, 0.826, 0.819, 0.825, 0.8271249999999999, 0.010260012531320651]
[1.9, 1.4, 0.838, 0.823, 0.84, 0.811, 0.833, 0.82, 0.813, 0.821, 0.824875, 0.010973181593581419]
[1.9, 1.5, 0.838, 0.819, 0.835, 0.805, 0.829, 0.819, 0.802, 0.821, 0.821, 0.012950455038888977]
[1.9, 1.6, 0.841, 0.814, 0.83, 0.794, 0.827, 0.814, 0.792, 0.82, 0.8165, 0.017004201161561698]
[1.9, 1.7, 0.843, 0.8, 0.827, 0.735, 0.822, 0.811, 0.754, 0.814, 0.8007500000000001, 0.037254913386405436]
[1.9, 1.8, 0.836, 0.796, 0.828, 0.59, 0.82, 0.806, 0.521, 0.805, 0.75025, 0.12229793830758438]
[1.9, 1.9, 0.557, 0.815, 0.828, 0.568, 0.817, 0.802, 0.453, 0.789, 0.703625, 0.15137459449043242]
[1.9, 2.0, 0.471, 0.42, 0.829, 0.541, 0.817, 0.793, 0.426, 0.618, 0.614375, 0.1765736895948625]
[2.0, 0.1, 0.82, 0.812, 0.804, 0.794, 0.809, 0.815, 0.801, 0.804, 0.8073750000000001, 0.008314144574157915]
[2.0, 0.2, 0.822, 0.811, 0.805, 0.796, 0.815, 0.818, 0.802, 0.809, 0.80975, 0.008614771367499257]
[2.0, 0.3, 0.82, 0.814, 0.809, 0.807, 0.814, 0.822, 0.804, 0.812, 0.81275, 0.0061586176556570615]
[2.0, 0.4, 0.821, 0.822, 0.816, 0.812, 0.82, 0.824, 0.807, 0.818, 0.8175, 0.00565685424949234]
[2.0, 0.5, 0.824, 0.826, 0.818, 0.808, 0.824, 0.827, 0.811, 0.819, 0.8196249999999999, 0.007029275516418014]
[2.0, 0.6, 0.827, 0.83, 0.822, 0.813, 0.821, 0.828, 0.815, 0.825, 0.8226249999999999, 0.006116429864366496]
[2.0, 0.7, 0.831, 0.829, 0.821, 0.817, 0.824, 0.832, 0.815, 0.826, 0.824375, 0.0063231434316440216]
[2.0, 0.8, 0.832, 0.83, 0.829, 0.815, 0.829, 0.831, 0.821, 0.826, 0.8266249999999999, 0.00582942045636982]
[2.0, 0.9, 0.832, 0.829, 0.835, 0.814, 0.831, 0.833, 0.821, 0.824, 0.827375, 0.007150174823037553]
[2.0, 1.0, 0.833, 0.834, 0.837, 0.812, 0.837, 0.829, 0.823, 0.826, 0.828875, 0.008475805903528307]
[2.0, 1.1, 0.834, 0.83, 0.841, 0.808, 0.834, 0.827, 0.824, 0.825, 0.8278749999999999, 0.009789754119194478]
[2.0, 1.2, 0.834, 0.832, 0.843, 0.807, 0.832, 0.823, 0.823, 0.827, 0.8276249999999999, 0.010582161539928523]
[2.0, 1.3, 0.835, 0.828, 0.845, 0.807, 0.832, 0.826, 0.817, 0.827, 0.8271249999999999, 0.011432253871018967]
[2.0, 1.4, 0.839, 0.823, 0.845, 0.804, 0.833, 0.82, 0.812, 0.822, 0.82475, 0.01366695702362869]
[2.0, 1.5, 0.838, 0.82, 0.842, 0.802, 0.828, 0.82, 0.802, 0.822, 0.82175, 0.014636061140699189]
[2.0, 1.6, 0.84, 0.815, 0.832, 0.792, 0.828, 0.816, 0.788, 0.817, 0.816, 0.018275666882497037]
[2.0, 1.7, 0.843, 0.8, 0.83, 0.758, 0.822, 0.812, 0.77, 0.815, 0.8062499999999999, 0.02916333314283535]
[2.0, 1.8, 0.837, 0.793, 0.831, 0.605, 0.821, 0.806, 0.6, 0.806, 0.762375, 0.09970805598632153]
[2.0, 1.9, 0.765, 0.815, 0.829, 0.571, 0.816, 0.8, 0.453, 0.79, 0.729875, 0.13946677791810186]
[2.0, 2.0, 0.478, 0.42, 0.828, 0.544, 0.818, 0.795, 0.426, 0.731, 0.6299999999999999, 0.18055074474665406]
